6.054058046204089827e+00
2.590543776466995407e+00
-2.022134803802565273e+00
-1.713390240337962833e+00
1.137216066587837915e+00
-2.005999030225056767e+00
-3.639659247459435143e+00
-6.758268558649292990e-01
-9.834722549924173052e-01
-1.298100221174344759e-02
-3.966878338329025144e+00
-2.594845091708642304e+00
4.809389179238383605e+00
7.981620404215055142e-01
2.570186486953473182e+00
-4.050814431504971835e-02
-6.184509353195064563e+00
3.785128879155305270e+00
1.330651920673728561e-01
1.921099236943113464e+00
-2.588583394172537133e+00
-1.597975621683507264e+00
-3.948704492932785026e+00
-1.696954748216477071e-01
5.953025064049719539e-01
-5.137918862368464623e+00
2.882754142091154548e-01
7.783126097735463267e-01
-1.751768028107469011e+00
-8.645849365832993794e-01
-3.166549120815067120e+00
-7.430813107299686360e-01
-6.166644920182742240e+00
-1.039257665283817689e+00
-1.463052638856100485e+00
-1.839030908582873991e+00
9.427014945812309810e-01
6.628334904958600227e+00
3.102163697072322091e-01
-1.445947687874617360e+00
-4.329758692688702837e+00
-5.054919803842344628e+00
1.929006395535310503e+00
-2.197895546988318571e+00
-2.170569995529804341e+00
-3.215642903886625215e-01
-2.063233783649847108e+00
-2.043658014590717276e+00
7.557041984816912361e-01
-1.865939459755719732e+00
-1.266674264793395510e+00
-9.701195307682709768e+00
-1.680575614942040996e+00
2.035336458916239710e+00
2.302790129524656670e+00
1.794866549608769568e-01
4.019107640999560971e+00
2.879855423026414396e+00
-2.989525064588780978e+00
-1.604268862938193152e+00
-3.915117833622723253e+00
-3.951159568016817669e+00
1.193112022848295872e+00
1.435162191010633848e+01
2.031366789663420658e+00
4.372824784467344017e+00
2.924016011776139123e+00
-3.526203849935428014e+00
1.529129572863662911e+00
-1.599420527495204913e+00
6.596406804126808687e+00
1.339639053260015089e+00
9.256232335270200284e-01
-2.310925962593224803e+00
8.930823996599537296e-01
-5.344963377646938518e-01
4.803380805038154122e+00
1.237191922821153867e+00
-1.076520092773766990e+01
-1.003264909548195583e+01
-3.373754563928856864e-01
2.903854187359753980e-01
-1.049188371012121035e+00
-1.876771314669695823e+00
-9.991020526839404781e-01
-6.824421870738174301e-01
3.638422587711395817e+00
3.439161813230490417e+00
7.252363636847445338e-01
-6.678242196374071238e-01
-6.471266760271427998e-01
-3.546953603731694660e+00
1.270516005254595626e+01
-1.037666476073055843e+00
-1.446565744433078726e-01
-2.354708684059966473e+00
1.027802906469704514e+00
7.709355295020909882e-01
3.509836637767774770e-01
-1.553095029358420476e+00
3.320730496506335006e-01
1.086605885033409935e+00
-2.396739867098459431e+00
-2.724296791770715487e+01
-1.900318379386551904e-01
3.959182518881310564e+00
-3.139148404034263429e+00
4.448598370589620821e+00
1.190674828866891133e+00
8.484872068263069611e-01
2.683108047278289554e+00
2.745148623904103413e-01
1.669634775199304855e+01
5.225861768526324225e-01
-6.431732873876042866e+00
-1.825650985945546090e+00
8.150452303738198623e+00
-1.132655896074362012e+00
-5.756301848547174416e+00
-9.037361821096981940e-01
6.902152390011186966e-01
-3.760609820460683039e+00
1.396374114335746874e+00
1.221935652955233742e+01
2.500569138931628910e+00
-1.451313740881519654e-01
2.005443239877721107e-01
5.243549430263076960e-01
4.761241958368352956e-01
8.311764167799891023e-01
-1.847006719940651909e+00
-1.402645654384661711e+00
6.035447311001518322e-01
4.010733041746023630e+00
1.093955527926883775e+00
-5.405517587877090691e+00
-5.526291998947139295e-01
-5.398703425251662885e-02
1.898941733207849758e+00
1.132283096074074180e+00
-3.227795234179517525e+00
-8.686902004437071501e-01
4.750033307555776574e+00
1.745012681829472001e+00
1.431018178547253328e+00
-2.529869630928539781e+00
9.306290365213990556e-01
7.092877372836213112e+00
-3.453233104540735177e+00
-4.368551886938596418e+00
-3.621853301059629326e-01
1.998426121033987535e+00
1.480369948113341660e+00
-4.999408571156194192e-01
-2.744215892409279656e-03
5.356484634841948811e+00
3.536662297113021824e-01
7.070875426152682941e-01
2.039327236629073781e-01
1.765566293962582245e+00
9.165634764711665383e-01
2.526703077324198854e-01
-2.913637797837960175e-01
-1.936825279000069733e+00
7.731258290682686551e-01
-2.229624117152334772e+00
-1.270968751691579524e+00
-1.993387015531830286e+00
7.456062652723237649e-01
9.717996730129607741e-01
-4.686077643685148675e-01
7.106838784344746696e-01
-9.813830515798225296e-01
-2.408231990656032551e+00
5.817763599383759532e-01
-1.181694578976181909e+00
-2.256553645309603562e-01
-1.053025845218807710e+00
8.598859576677168048e-01
-6.798456989507306591e-01
3.830622377252440591e-01
-5.724117883685345132e-02
2.614866703737947606e+00
-7.469862619277567450e-02
-3.770267383786045201e+00
-1.157604299916994872e+00
-5.151129250997296793e+00
-1.096086652724913790e+00
-2.740958473217350644e+00
-8.312518198934068181e+00
1.726463343234521552e+00
1.728735882753731912e-02
1.078561564133969064e+01
4.292070033509462590e+00
-6.324694679969393718e-01
1.221715517550647778e+00
-1.313300204379422631e+00
-4.087181966637304931e-01
1.319712157963272459e+00
4.307579087314776234e-01
-6.479773227329563845e-01
2.025504061518592192e+00
-1.626186035472856517e+01
2.411447005714277836e-01
-1.448986176083121025e-01
1.827150367944251563e+00
4.441343284697382821e+00
-3.607007504654753949e-01
1.386290009977572346e+00
-5.890674341591426888e+00
-7.025371392681030169e-01
-6.228985952427549266e-01
4.481883113151012843e+00
-5.160916137180522334e-01
3.126258090087343788e+00
-2.019986512980463278e+00
-1.265522838832242813e+00
3.788338864961469543e+00
1.313910861175899392e+00
2.902331979156765662e+00
1.826454010444730436e+00
6.962855076749205452e+00
-7.681661993482034045e-01
-4.875502478872537182e+00
-2.106434961483439672e+00
-7.344458488033126287e+00
1.395828805026659625e+00
-1.522218081679499679e+00
1.340528329427931986e+00
1.488752341909096222e+00
-1.215641179355547052e+00
-2.429998378004502246e+00
2.258163615617240882e+00
-2.958257851542930084e+00
-2.391982718081280712e+00
-6.263284088403829664e+00
-1.656349978597577044e+00
6.027934110880856622e+00
3.809422592879823988e+00
-8.474698145164247798e-01
-2.455895573440697088e+00
-5.391434506966759077e-01
1.139203256259907349e+01
3.827356799431629319e+00
-1.704608456156362500e-02
-2.071221554172093349e+01
-1.266686218394567298e+00
1.137439299315968544e+00
3.592973230896153947e+00
-4.949739707551453760e-01
-3.015750310792224109e+00
7.759419340021247447e-01
1.228772100278617274e-01
4.476090475844506145e+00
1.951619466290178018e+00
-2.251994727433042076e+00
-1.069160484863091565e+00
2.900280353050810334e+00
7.269803436231490057e-01
2.933873710929968404e+00
1.012340702224624689e+00
7.994328120699810469e+00
2.358802864077914396e+00
2.758939641679402310e+00
5.996846739604421578e-02
