
MESSAGE: Pygame initialized for simulation.

########## Simulation state - INI ###########

# solutions # : EMPTY 

# sensors # : 20

 ------  parameters ------  

# contact hurt (training agent) # : player

multiple mode: no

enemies list: 1

current enemy: 1

player mode: ai

enemy mode: static

level: 2

clock precision: low

inputs coded: no

random initialization: no

expiration time: 3000

speed: fastest

load player: yes

load enemy: yes

sound: off

overture time: 100

logs: on

save logs: yes

########## Simulation state - END ###########
gen	nevals	mean  	max    	std    
0  	0     	10.609	39.1565	9.97296
1  	91    	25.5607	39.1565	5.61567
2  	92    	32.5817	48.2348	5.31795
3  	89    	39.3003	48.2348	5.46497
4  	91    	45.6242	48.2348	4.08485
5  	91    	48.145 	48.2348	0.893917
6  	95    	48.2348	48.2348	7.10543e-15
7  	88    	48.2348	48.2348	7.10543e-15
8  	89    	48.2348	48.2348	7.10543e-15
9  	90    	48.2348	48.2348	7.10543e-15
10 	95    	48.235 	48.2379	0.000684286
11 	92    	48.2357	48.2379	0.00142469 
12 	90    	48.2375	48.2379	0.00108944 
13 	87    	48.2379	48.2379	1.42109e-14
14 	91    	48.2379	48.2379	1.42109e-14
15 	90    	48.2379	48.2379	1.42109e-14
16 	91    	48.2379	48.2379	1.42109e-14
17 	91    	48.2379	48.2379	1.42109e-14
18 	89    	48.2379	48.2379	1.42109e-14
19 	91    	48.2379	48.2379	1.42109e-14
20 	92    	48.2379	48.2379	1.42109e-14
21 	92    	48.2379	48.2379	1.42109e-14
22 	89    	48.2395	48.2602	0.00567918 
23 	95    	48.2446	48.2602	0.0102001  
24 	88    	48.2564	48.2602	0.00836101 
25 	87    	48.2602	48.2602	1.42109e-14
26 	89    	48.2602	48.2602	1.42109e-14
27 	92    	48.08  	48.2602	1.79256    
28 	87    	48.2602	48.2602	1.42109e-14
29 	90    	48.2602	48.2602	1.42109e-14
30 	94    	48.2602	48.2602	1.42109e-14
31 	92    	48.2602	48.2602	1.42109e-14
32 	93    	48.2602	48.2602	1.42109e-14
33 	90    	48.2602	48.2602	1.42109e-14
34 	92    	48.2602	48.2602	1.42109e-14
35 	88    	48.2602	48.2602	1.42109e-14
36 	95    	48.2602	48.2602	1.42109e-14
37 	91    	48.2602	48.2602	1.42109e-14
38 	87    	48.2602	48.2602	1.42109e-14
39 	89    	48.2602	48.2602	1.42109e-14
40 	88    	48.2602	48.2602	1.42109e-14
41 	89    	48.2602	48.2602	1.42109e-14
42 	88    	48.2602	48.2602	1.42109e-14
43 	91    	48.2602	48.2602	1.42109e-14
44 	84    	48.2602	48.2602	1.42109e-14
45 	92    	48.2602	48.2602	1.42109e-14
46 	90    	48.2602	48.2602	1.42109e-14
47 	94    	48.7096	57.2474	1.95872    
48 	92    	50.507 	57.2474	3.89158    
49 	92    	55.2702	57.2474	3.72292    
50 	93    	57.2474	57.2474	1.42109e-14
51 	90    	57.2474	57.2474	1.42109e-14
52 	93    	57.2475	57.2506	0.000542408
53 	89    	57.2479	57.2506	0.00116568 
54 	91    	57.2493	57.2506	0.00156934 
55 	90    	56.9805	57.2506	2.68646    
56 	94    	57.2506	57.2506	7.10543e-15
57 	90    	57.2506	57.2506	7.10543e-15
58 	90    	57.2506	57.2506	7.10543e-15
59 	95    	57.2506	57.2506	7.10543e-15
60 	92    	57.2506	57.2506	7.10543e-15
61 	92    	57.2506	57.2506	7.10543e-15
62 	91    	57.2506	57.2506	7.10543e-15
63 	91    	57.2506	57.2506	7.10543e-15
64 	91    	57.2506	57.2506	7.10543e-15
65 	94    	57.2506	57.2506	7.10543e-15
66 	89    	57.2506	57.2506	7.10543e-15
67 	93    	57.2506	57.2506	7.10543e-15
68 	91    	57.2506	57.2506	7.10543e-15
69 	93    	57.2506	57.2506	7.10543e-15
70 	88    	57.2506	57.2506	7.10543e-15
71 	87    	57.2506	57.2506	7.10543e-15
72 	89    	57.2506	57.2506	7.10543e-15
73 	91    	57.2506	57.2506	7.10543e-15
74 	87    	57.2506	57.2506	7.10543e-15
75 	88    	57.2506	57.2506	7.10543e-15
76 	86    	57.2506	57.2506	7.10543e-15
77 	87    	57.2506	57.2506	7.10543e-15
78 	94    	57.2506	57.2506	7.10543e-15
79 	86    	57.2506	57.2506	7.10543e-15
80 	88    	56.8908	57.2506	3.58036    
81 	86    	57.2506	57.2506	7.10543e-15
82 	92    	57.2506	57.2506	7.10543e-15
83 	90    	57.2506	57.2506	7.10543e-15
84 	93    	57.2506	57.2506	7.10543e-15
85 	90    	57.2506	57.2506	7.10543e-15
86 	84    	57.2506	57.2506	7.10543e-15
87 	91    	57.2506	57.2506	7.10543e-15
88 	87    	57.2506	57.2506	7.10543e-15
89 	89    	57.2506	57.2506	7.10543e-15
90 	91    	57.2506	57.2506	7.10543e-15
91 	85    	57.2506	57.2506	7.10543e-15
92 	94    	57.252 	57.2699	0.0049226  
93 	93    	57.2581	57.2699	0.00941026 
94 	92    	57.268 	57.2699	0.00578796 
95 	92    	57.2697	57.2699	0.00191965 
96 	91    	57.2699	57.2699	2.13163e-14
97 	93    	57.2699	57.2699	2.13163e-14
98 	91    	57.2699	57.2699	2.13163e-14
99 	89    	57.2699	57.2699	2.13163e-14
100	90    	57.2699	57.2699	2.13163e-14

MESSAGE: Pygame initialized for simulation.
gen	nevals	mean   	max    	std    
0  	0     	12.1295	30.2254	9.73333
1  	88    	29.6073	48.2474	8.56079
2  	89    	41.9511	48.2474	7.02621
3  	89    	47.8891	48.2602	1.75939
4  	90    	48.0707	48.2602	1.79226
5  	92    	48.2582	48.2602	0.00468513
6  	93    	48.2602	48.2602	1.42109e-14
7  	90    	48.2602	48.2602	1.42109e-14
8  	90    	48.2602	48.2602	1.42109e-14
9  	88    	48.2602	48.2602	1.42109e-14
10 	84    	48.2602	48.2602	1.42109e-14
11 	92    	48.2602	48.2602	1.42109e-14
12 	94    	48.2602	48.2602	1.42109e-14
13 	90    	48.2602	48.2602	1.42109e-14
14 	91    	49.0622	57.1711	2.5501     
15 	93    	51.5573	57.1711	4.3021     
16 	86    	56.3692	57.1711	2.54971    
17 	96    	57.1711	57.1711	1.42109e-14
18 	92    	57.1711	57.1711	1.42109e-14
19 	90    	57.1746	57.2223	0.0130873  
20 	88    	57.1952	57.2223	0.0256004  
21 	90    	57.2198	57.2223	0.0111791  
22 	92    	57.2223	57.2223	7.10543e-15
23 	87    	57.2223	57.2223	7.10543e-15
24 	90    	57.2223	57.2223	7.10543e-15
25 	93    	57.2223	57.2223	7.10543e-15
26 	92    	57.2223	57.2223	7.10543e-15
27 	88    	57.2223	57.2223	7.10543e-15
28 	90    	57.2223	57.2223	7.10543e-15
29 	87    	57.2223	57.2223	7.10543e-15
30 	89    	57.2223	57.2223	7.10543e-15
31 	92    	57.2223	57.2223	7.10543e-15
32 	93    	57.2223	57.2223	7.10543e-15
33 	91    	57.2223	57.2223	7.10543e-15
34 	88    	57.2223	57.2223	7.10543e-15
35 	95    	57.2223	57.2223	7.10543e-15
36 	87    	57.2223	57.2223	7.10543e-15
37 	91    	57.2223	57.2223	7.10543e-15
38 	89    	57.2233	57.2379	0.00370502 
39 	90    	57.2262	57.2379	0.00675541 
40 	87    	57.2334	57.2379	0.00707911 
41 	90    	57.2379	57.2379	2.13163e-14
42 	91    	57.2379	57.2379	2.13163e-14
43 	89    	57.2379	57.2379	2.13163e-14
44 	89    	57.2379	57.2379	2.13163e-14
45 	93    	57.2379	57.2379	2.13163e-14
46 	87    	57.2379	57.2379	2.13163e-14
47 	91    	57.2379	57.2379	2.13163e-14
48 	88    	57.2379	57.2379	2.13163e-14
49 	88    	57.2379	57.2379	2.13163e-14
50 	92    	57.2379	57.2379	2.13163e-14
51 	92    	57.2379	57.2379	2.13163e-14
52 	88    	57.2379	57.2379	2.13163e-14
53 	90    	57.2395	57.2602	0.00567918 
54 	91    	57.2453	57.2602	0.0104662  
55 	87    	57.2575	57.2602	0.00723315 
56 	89    	57.2602	57.2602	7.10543e-15
57 	88    	57.2602	57.2602	7.10543e-15
58 	93    	57.2602	57.2602	7.10543e-15
59 	91    	57.2602	57.2602	7.10543e-15
60 	91    	57.2602	57.2602	7.10543e-15
61 	93    	57.2602	57.2602	7.10543e-15
62 	91    	56.9901	57.2602	2.6871     
63 	87    	57.2602	57.2602	7.10543e-15
64 	93    	57.2602	57.2602	7.10543e-15
65 	93    	57.2602	57.2602	7.10543e-15
66 	89    	57.2602	57.2602	7.10543e-15
67 	89    	57.2602	57.2602	7.10543e-15
68 	89    	57.2602	57.2602	7.10543e-15
69 	86    	56.9001	57.2602	3.58323    
70 	91    	57.2602	57.2602	7.10543e-15
71 	95    	56.9   	57.2602	3.58448    
72 	90    	57.2602	57.2602	7.10543e-15
73 	90    	57.2602	57.2602	7.10543e-15
74 	88    	57.2602	57.2602	7.10543e-15
75 	89    	57.2602	57.2602	7.10543e-15
76 	88    	57.2602	57.2602	7.10543e-15
77 	90    	57.2602	57.2602	7.10543e-15
78 	91    	57.0801	57.2602	1.79225    
79 	85    	57.2602	57.2602	7.10543e-15
80 	90    	57.2602	57.2602	7.10543e-15
81 	86    	57.2602	57.2602	7.10543e-15
82 	90    	57.2602	57.2602	7.10543e-15
83 	93    	57.2602	57.2602	7.10543e-15
84 	91    	57.2602	57.2602	7.10543e-15
85 	92    	57.2602	57.2602	7.10543e-15
86 	89    	57.2602	57.2602	7.10543e-15
87 	91    	57.2602	57.2602	7.10543e-15
88 	85    	57.2602	57.2602	7.10543e-15
89 	88    	57.2602	57.2602	7.10543e-15
90 	89    	57.2602	57.2602	7.10543e-15
91 	92    	57.2602	57.2602	7.10543e-15
92 	92    	57.2602	57.2602	7.10543e-15
93 	92    	57.2602	57.2602	7.10543e-15
94 	93    	57.2602	57.2602	7.10543e-15
95 	89    	57.2602	57.2602	7.10543e-15
96 	89    	57.2602	57.2602	7.10543e-15
97 	87    	57.2602	57.2602	7.10543e-15
98 	87    	57.2602	57.2602	7.10543e-15
99 	84    	57.2602	57.2602	7.10543e-15
100	89    	57.2602	57.2602	7.10543e-15

MESSAGE: Pygame initialized for simulation.
gen	nevals	mean   	max    	std    
0  	0     	10.4212	48.2538	11.4535
1  	87    	29.1461	48.2538	8.45919
2  	89    	40.4857	48.2602	8.24375
3  	98    	48.1509	57.2474	1.56018
4  	92    	48.7956	57.2474	2.13532
5  	93    	50.596 	57.2474	5.02637
6  	85    	55.9892	57.2474	3.11845
7  	88    	57.2474	57.2474	1.42109e-14
8  	96    	57.2474	57.2474	1.42109e-14
9  	88    	57.2474	57.2474	1.42109e-14
10 	90    	57.2474	57.2474	1.42109e-14
11 	89    	57.2474	57.2474	1.42109e-14
12 	90    	57.2474	57.2474	1.42109e-14
13 	89    	57.2474	57.2474	1.42109e-14
14 	88    	57.2474	57.2474	1.42109e-14
15 	89    	57.2474	57.2474	1.42109e-14
16 	91    	57.2474	57.2474	1.42109e-14
17 	89    	57.2474	57.2474	1.42109e-14
18 	90    	57.2474	57.2474	1.42109e-14
19 	90    	57.2474	57.2474	1.42109e-14
20 	89    	57.2474	57.2474	1.42109e-14
21 	92    	57.2474	57.2474	1.42109e-14
22 	85    	57.2474	57.2474	1.42109e-14
23 	90    	57.2474	57.2474	1.42109e-14
24 	91    	57.2474	57.2474	1.42109e-14
25 	91    	57.2474	57.2474	1.42109e-14
26 	89    	57.2474	57.2474	1.42109e-14
27 	93    	57.2474	57.2474	1.42109e-14
28 	84    	57.2474	57.2474	1.42109e-14
29 	95    	57.2474	57.2474	1.42109e-14
30 	89    	57.2474	57.2474	1.42109e-14
31 	89    	57.2474	57.2474	1.42109e-14
32 	91    	57.2474	57.2474	1.42109e-14
33 	91    	57.2474	57.2474	1.42109e-14
34 	88    	57.2474	57.2474	1.42109e-14
35 	86    	57.2474	57.2474	1.42109e-14
36 	89    	57.2474	57.2474	1.42109e-14
37 	89    	57.1575	57.2474	0.895172   
38 	90    	57.2474	57.2474	1.42109e-14
39 	88    	57.2474	57.2474	1.42109e-14
40 	93    	57.2474	57.2474	1.42109e-14
41 	86    	57.2474	57.2474	1.42109e-14
42 	93    	57.2474	57.2474	1.42109e-14
43 	94    	57.2474	57.2474	1.42109e-14
44 	84    	57.2474	57.2474	1.42109e-14
45 	92    	56.7971	57.2474	4.48025    
46 	95    	57.2474	57.2474	1.42109e-14
47 	88    	57.2474	57.2474	1.42109e-14
48 	91    	57.2474	57.2474	1.42109e-14
49 	93    	57.2474	57.2474	1.42109e-14
50 	92    	57.2474	57.2474	1.42109e-14
51 	93    	57.2474	57.2474	1.42109e-14
52 	88    	57.2474	57.2474	1.42109e-14
53 	93    	57.2474	57.2474	1.42109e-14
54 	90    	57.2474	57.2474	1.42109e-14
55 	93    	57.2474	57.2474	1.42109e-14
56 	86    	57.2474	57.2474	1.42109e-14
57 	88    	57.2474	57.2474	1.42109e-14
58 	92    	57.2474	57.2474	1.42109e-14
59 	89    	57.2474	57.2474	1.42109e-14
60 	87    	57.2474	57.2474	1.42109e-14
61 	88    	57.2474	57.2474	1.42109e-14
62 	90    	57.2474	57.2474	1.42109e-14
63 	87    	57.2474	57.2474	1.42109e-14
64 	89    	57.2474	57.2474	1.42109e-14
65 	91    	57.2474	57.2474	1.42109e-14
66 	94    	57.2474	57.2474	1.42109e-14
67 	92    	57.2474	57.2474	1.42109e-14
68 	83    	57.2474	57.2474	1.42109e-14
69 	95    	57.2474	57.2474	1.42109e-14
70 	89    	57.2474	57.2474	1.42109e-14
71 	91    	57.2474	57.2474	1.42109e-14
72 	90    	57.2474	57.2474	1.42109e-14
73 	88    	57.2484	57.2602	0.00346705 
74 	90    	57.2518	57.2602	0.00605387 
75 	90    	57.2588	57.2602	0.00399865 
76 	92    	57.2602	57.2602	7.10543e-15
77 	91    	57.2602	57.2602	7.10543e-15
78 	86    	57.2602	57.2602	7.10543e-15
79 	92    	57.2602	57.2602	7.10543e-15
80 	89    	57.2602	57.2602	7.10543e-15
81 	87    	57.2602	57.2602	7.10543e-15
82 	88    	57.2602	57.2602	7.10543e-15
83 	88    	57.2602	57.2602	7.10543e-15
84 	92    	57.2602	57.2602	7.10543e-15
85 	92    	57.2602	57.2602	7.10543e-15
86 	90    	57.2602	57.2602	7.10543e-15
87 	90    	57.2602	57.2602	7.10543e-15
88 	88    	57.2602	57.2602	7.10543e-15
89 	90    	57.2602	57.2602	7.10543e-15
90 	95    	57.2602	57.2602	7.10543e-15
91 	91    	57.2602	57.2602	7.10543e-15
92 	90    	57.2602	57.2602	7.10543e-15
93 	87    	57.2602	57.2602	7.10543e-15
94 	88    	57.2602	57.2602	7.10543e-15
95 	91    	57.2602	57.2602	7.10543e-15
96 	88    	57.2602	57.2602	7.10543e-15
97 	89    	57.2602	57.2602	7.10543e-15
98 	88    	57.2602	57.2602	7.10543e-15
99 	90    	57.2602	57.2602	7.10543e-15
100	93    	57.2602	57.2602	7.10543e-15

MESSAGE: Pygame initialized for simulation.
gen	nevals	mean   	max    	std    
0  	0     	10.2464	48.2411	10.8451
1  	80    	14.0223	48.2411	12.0786
2  	67    	18.0699	48.2411	15.512 
3  	71    	18.3483	48.2411	17.0778
4  	69    	20.6023	48.2411	19.0651
5  	70    	20.4192	48.2411	19.2725
6  	71    	21.4087	48.2411	19.3074
7  	64    	24.5556	48.2411	21.2577
8  	83    	17.626 	48.2411	16.5506
9  	69    	19.2504	48.2411	19.7458
10 	76    	21.225 	48.2411	17.6905
11 	73    	20.152 	48.2411	18.633 
12 	72    	20.2406	48.2411	18.6196
13 	86    	15.1915	48.2411	15.4958
14 	68    	19.7896	48.2411	16.7323
15 	82    	17.1788	48.2411	16.9085
16 	60    	23.2126	48.2411	19.7901
17 	81    	19.517 	48.2411	16.7819
18 	74    	19.6086	48.2411	18.771 
19 	78    	19.5252	48.2474	18.5214
20 	73    	21.1333	48.2474	18.165 
21 	72    	22.1272	48.2474	18.6934
22 	67    	22.4012	48.2474	19.7101
23 	76    	18.8005	48.2474	18.7066
24 	70    	20.0632	48.2474	19.9964
25 	61    	24.9276	48.2474	20.2557
26 	79    	18.6142	48.2474	17.7975
27 	75    	20.0561	48.2474	18.1261
28 	68    	21.8587	48.2474	19.9434
29 	64    	24.115 	48.2602	19.9243
30 	77    	19.3356	48.2602	17.9334
31 	64    	22.039 	48.2602	20.9302
32 	73    	20.3302	48.2602	19.2897
33 	76    	19.9724	48.2602	19.3516
34 	82    	16.5442	48.2602	18.0769
35 	73    	19.6106	48.2602	18.7307
36 	72    	19.7894	48.2602	19.3028
37 	71    	19.8879	48.2602	19.0328
38 	72    	21.6843	48.2602	18.7324
39 	65    	21.9574	48.2602	20.4038
40 	81    	16.2812	48.2602	18.6475
41 	70    	21.7698	48.2602	18.9312
42 	70    	20.3311	48.2602	19.9571
43 	74    	18.8904	48.2602	19.674 
44 	72    	21.8647	48.2602	18.9912
45 	67    	20.7794	48.2602	20.2358
46 	78    	18.9777	48.2602	18.169 
47 	69    	20.0625	48.2602	18.6595
48 	71    	22.0468	48.2602	19.0644
49 	68    	22.8534	48.2602	19.7064
50 	67    	24.1165	48.2602	19.6844
51 	75    	20.3388	48.2602	17.8536
52 	74    	18.8929	48.2602	18.747 
53 	72    	20.0655	48.2602	20.2868
54 	69    	22.4923	48.2602	18.9384
55 	70    	21.3274	48.2602	19.2954
56 	67    	22.2256	48.2602	20.33  
57 	68    	21.3212	48.2602	20.5221
58 	67    	22.6793	48.2602	20.2856
59 	74    	18.8934	48.2602	19.4697
60 	77    	17.723 	48.2602	18.3676
61 	82    	17.1834	48.2602	18.1613
62 	58    	25.198 	48.2602	19.5757
63 	75    	18.8994	48.2602	19.0018
64 	78    	16.6442	48.2602	18.6506
65 	72    	21.5093	48.2602	17.8954
66 	76    	19.7953	48.2602	17.8193
67 	72    	21.3243	57.2634	19.4633
68 	70    	22.0525	57.2634	19.7344
69 	80    	17.7195	57.2634	18.1407
70 	64    	23.8414	57.2634	21.0591
71 	67    	22.0389	57.2634	22.3229
72 	79    	18.5319	57.2634	20.7539
73 	74    	22.6669	57.2634	21.3032
74 	77    	18.4381	57.2634	22.7057
75 	74    	23.0313	57.2634	19.8146
76 	81    	18.8883	57.2634	20.719 
77 	77    	21.0542	57.2634	21.6116
78 	61    	26.5446	57.2634	24.3377
79 	59    	30.3283	57.2634	23.8821
80 	72    	24.7441	57.2634	22.2767
81 	69    	23.3024	57.2634	24.0275
82 	76    	20.5165	57.2634	22.4808
83 	72    	24.6565	57.2634	21.7189
84 	76    	21.8646	57.2634	21.621 
85 	81    	18.257 	57.2634	20.5816
86 	73    	21.8674	57.2634	21.7702
87 	66    	25.1957	57.2634	23.1166
88 	62    	27.271 	57.2634	24.367 
89 	63    	25.8279	57.2634	25.5838
90 	63    	26.2752	57.2634	25.0374
91 	67    	26.8184	57.2634	23.2686
92 	71    	24.4725	57.2634	22.8763
93 	64    	28.6996	57.2634	23.5606
94 	76    	22.7639	66.21  	22.7496
95 	70    	25.3709	66.21  	23.6327
96 	82    	17.1793	66.21  	21.4303
97 	69    	25.4602	66.21  	22.3216
98 	73    	24.7425	66.21  	25.8576
99 	69    	26.7089	66.21  	27.7358
100	72    	24.1833	66.21  	27.0891

MESSAGE: Pygame initialized for simulation.
gen	nevals	mean   	max    	std    
0  	0     	9.34558	39.2379	10.5619
1  	90    	19.1614	39.2474	8.89451
2  	85    	24.0213	39.2474	9.05979
3  	92    	27.1802	39.2634	8.55671
4  	93    	28.711 	39.2634	9.61651
5  	91    	33.6619	39.2634	6.58818
6  	89    	33.6663	39.2634	7.8267 
7  	93    	35.0163	39.2634	7.68747
8  	95    	35.9198	48.2506	6.8179 
9  	90    	35.7416	48.2506	7.73612
10 	84    	36.4661	48.2506	7.71659
11 	95    	37.995 	57.2411	7.20632
12 	92    	37.5476	57.2411	8.88896
13 	90    	37.7261	57.2411	10.3504
14 	92    	36.5542	48.2506	10.3103
15 	90    	40.0691	48.2506	6.50414
16 	90    	41.598 	48.2506	8.11521
17 	89    	43.4859	48.257 	8.19451
18 	90    	44.5628	48.257 	8.82905
19 	87    	43.8387	48.257 	8.87409
20 	89    	43.4794	48.257 	10.2245
21 	92    	41.86  	48.257 	13.0005
22 	92    	43.2095	48.257 	11.2702
23 	83    	45.1907	48.257 	9.11263
24 	94    	42.8487	48.257 	11.6036
25 	95    	42.8501	48.257 	11.3899
26 	95    	43.0299	48.257 	10.8192
27 	91    	43.122 	48.257 	10.9013
28 	91    	42.8521	48.257 	11.3931
29 	89    	42.9426	48.257 	11.3249
30 	90    	44.565 	48.257 	8.73772
31 	95    	41.4106	48.257 	11.684 
32 	86    	42.8497	48.257 	11.4682
33 	90    	44.2014	48.257 	10.0648
34 	89    	44.6522	48.257 	9.62173
35 	94    	43.9317	48.2634	10.9936
36 	87    	45.6455	48.2634	8.08563
37 	95    	45.4636	48.2634	8.79928
38 	94    	44.8329	48.2634	9.42885
39 	92    	44.742 	48.2634	9.78384
40 	94    	39.9726	48.2634	13.9333
41 	90    	40.511 	48.2634	13.4222
42 	91    	41.503 	48.2634	12.4422
43 	92    	43.7576	48.2634	10.5439
44 	89    	44.8386	48.2634	9.60091
45 	93    	44.0282	48.2634	10.846 
46 	93    	44.1199	48.2634	10.533 
47 	87    	45.8292	48.2634	8.4395 
48 	94    	41.9562	48.2634	13.0868
49 	90    	40.9668	48.2634	13.8786
50 	91    	42.7665	57.207 	12.471 
51 	89    	43.8421	57.207 	11.7079
52 	84    	46.9959	57.207 	8.05159
53 	88    	48.0711	57.207 	8.04205
54 	91    	48.6878	57.207 	10.5221
55 	90    	51.1086	57.207 	10.4777
56 	91    	50.111 	57.207 	13.7771
57 	90    	51.0977	57.207 	12.9607
58 	93    	53.2528	57.207 	10.4354
59 	89    	53.609 	57.207 	10.8725
60 	88    	51.5426	57.207 	14.198 
61 	90    	52.7097	57.207 	12.8164
62 	93    	53.5207	57.207 	11.1643
63 	92    	51.359 	57.207 	14.0169
64 	87    	52.7108	57.2474	12.8165
65 	89    	51.4515	57.2474	13.1934
66 	85    	53.7932	57.2474	11.1463
67 	92    	51.4561	57.2474	13.8537
68 	89    	52.8996	57.2474	11.34  
69 	93    	51.1024	57.2474	14.0438
70 	94    	53.4446	57.2474	10.9572
71 	85    	54.1719	57.2474	10.1141
72 	95    	51.9251	57.2474	13.2977
73 	89    	51.481 	57.2474	14.3715
74 	90    	50.0424	57.2474	14.9546
75 	86    	52.1155	57.2474	13.061 
76 	94    	51.8456	57.2474	13.0446
77 	90    	51.8464	57.2474	13.411 
78 	90    	52.8321	66.1307	12.2417
79 	89    	51.2975	66.1307	14.8504
80 	90    	53.9943	66.1307	11.9033
81 	91    	52.547 	66.1307	14.5299
82 	93    	50.4697	66.1307	17.2192
83 	84    	52.3452	66.1307	17.2566
84 	91    	53.9582	66.1307	16.3418
85 	87    	57.9954	66.1307	13.2586
86 	88    	59.7636	66.1307	15.7256
87 	95    	56.6157	66.1307	19.2183
88 	92    	60.384 	66.1307	15.3756
89 	91    	61.0125	66.1307	14.5516
90 	87    	62.9002	66.1307	11.7401
91 	90    	59.0377	66.1307	17.1007
92 	90    	61.9991	66.1307	13.2873
93 	93    	62.7179	66.1307	11.6947
94 	93    	60.4757	66.1307	15.1099
95 	85    	59.397 	66.1307	16.9597
96 	87    	56.6144	66.1307	19.0827
97 	92    	59.9354	66.1307	15.1162
98 	85    	59.5789	66.1307	15.0126
99 	87    	59.5773	66.1307	15.4395
100	91    	60.1131	66.1307	15.9178

MESSAGE: Pygame initialized for simulation.
gen	nevals	mean   	max    	std    
0  	0     	9.47755	39.2506	10.0259
1  	74    	18.9745	48.2193	10.3594
2  	69    	26.9836	57.2474	10.4079
3  	69    	34.1813	57.2474	9.83778
4  	73    	38.9971	57.2474	9.66344
5  	73    	45.2071	57.2474	8.79144
6  	74    	50.5741	57.2474	7.49722
7  	73    	54.0447	57.2474	5.47628
8  	74    	54.589 	57.2474	8.81586
9  	68    	56.2109	57.2474	5.56623
10 	72    	56.9768	57.2474	2.69148
11 	77    	56.8871	57.2474	3.58502
12 	70    	57.0676	57.2474	2.53717
13 	67    	56.6621	57.2474	4.77138
14 	75    	56.4822	57.2474	5.60555
15 	74    	56.8425	57.2474	4.05429
16 	71    	55.8969	57.2506	7.73303
17 	75    	55.9868	57.2506	7.20642
18 	68    	56.662 	57.2506	4.77452
19 	76    	56.4825	57.2506	5.38581
20 	65    	56.933 	57.2506	3.17036
21 	75    	56.7544	57.2506	4.24018
22 	70    	56.4844	57.2506	5.38742
23 	71    	56.4399	57.2506	5.78003
24 	73    	56.1696	57.2506	6.34014
25 	72    	56.6206	57.2506	5.13176
26 	70    	56.8006	57.2506	4.47744
27 	75    	56.3956	57.2506	5.7336 
28 	73    	56.9806	57.2506	3.80859
29 	74    	56.0357	57.2506	7.06794
30 	73    	56.7102	57.2506	4.46996
31 	75    	57.1157	57.2506	1.90351
32 	74    	55.8998	57.2506	7.24567
33 	65    	56.8001	57.2506	3.79549
34 	76    	55.72  	57.2506	7.75028
35 	71    	57.0254	57.2506	3.17688
36 	74    	56.4405	57.2506	5.77696
37 	67    	56.6208	57.2506	5.20808
38 	75    	56.8005	57.2506	4.56805
39 	73    	56.7105	57.2506	4.46769
40 	72    	56.9807	57.2506	3.80791
41 	74    	56.2599	57.2506	6.3561 
42 	76    	56.7552	57.2506	4.04794
43 	68    	56.5755	57.2506	5.54428
44 	73    	57.0257	57.2506	3.17265
45 	65    	56.6207	57.2506	5.13119
46 	67    	57.0706	57.2506	2.53944
47 	73    	55.3155	57.2506	9.21754
48 	72    	56.9356	57.2506	3.16657
49 	76    	56.6207	57.2506	5.20928
50 	73    	56.4854	57.2506	5.15307
51 	72    	55.9004	57.2506	7.5165 
52 	72    	56.6654	57.2506	4.50677
53 	75    	56.1699	57.2506	6.14436
54 	71    	56.3951	57.2506	5.44789
55 	70    	56.7999	57.2506	3.79565
56 	69    	56.8456	57.2506	4.05447
57 	68    	56.7103	57.2506	4.46935
58 	72    	56.5752	57.2506	4.75978
59 	71    	56.6654	57.2506	4.85504
60 	71    	55.9451	57.2506	7.49997
61 	74    	56.2603	57.2506	6.22346
62 	69    	56.4403	57.2506	5.18765
63 	72    	56.7103	57.2506	4.4705 
64 	75    	56.7107	57.2506	4.467  
65 	73    	56.2604	57.2506	6.28778
66 	73    	56.3056	57.2506	6.69888
67 	71    	56.8451	57.2506	4.0591 
68 	70    	56.3955	57.2506	6.01076
69 	72    	55.8091	57.2506	7.23198
70 	76    	55.9904	57.2506	6.73831
71 	74    	56.1705	57.2506	6.27172
72 	75    	55.9456	57.2506	6.99425
73 	73    	56.9353	57.2506	3.16917
74 	74    	55.8554	57.2506	7.42748
75 	69    	56.8907	57.2506	3.69229
76 	71    	56.6199	57.2506	5.13767
77 	75    	56.2151	57.2506	6.504  
78 	73    	56.5303	57.2506	5.86046
79 	66    	56.71  	57.2506	4.47204
80 	74    	56.3957	57.2506	6.00985
81 	70    	56.5755	57.2506	5.54429
82 	69    	56.8006	57.2506	4.47776
83 	69    	57.1155	57.2506	1.9053 
84 	73    	56.7544	57.2506	4.05432
85 	70    	56.5748	57.2506	4.7628 
86 	74    	57.2506	57.2506	1.42109e-14
87 	72    	56.4847	57.2506	5.38894    
88 	71    	56.2596	57.2506	6.35707    
89 	71    	56.0355	57.2506	7.06894    
90 	72    	56.2603	57.2506	6.28881    
91 	69    	57.0256	57.2506	3.17379    
92 	71    	56.6205	57.2506	5.13252    
93 	73    	56.3957	57.2506	6.00973    
94 	65    	56.3501	57.2506	5.69521    
95 	71    	56.9356	57.2506	4.44385    
96 	73    	56.53  	57.2506	5.27912    
97 	71    	56.08  	57.2506	6.57308    
98 	75    	56.5305	57.2506	5.12032    
99 	73    	56.3952	57.2506	6.07971    
100	76    	56.1701	57.2506	6.27493    

MESSAGE: Pygame initialized for simulation.
gen	nevals	mean   	max    	std   
0  	0     	9.97562	30.2634	10.825
1  	94    	20.3273	66.1507	12.3621
2  	93    	25.105 	66.1507	10.8799
3  	95    	27.8933	66.1507	11.2714
4  	92    	30.5046	66.1507	12.1527
5  	88    	32.6659	66.1507	12.2452
6  	91    	39.0481	66.1507	13.3778
7  	89    	42.3666	66.1507	15.1544
8  	91    	48.2905	66.1507	16.0352
9  	90    	52.8651	66.1507	16.0886
10 	92    	55.2874	66.1507	16.5276
11 	91    	56.992 	66.1507	16.5099
12 	90    	57.9757	66.1507	16.9574
13 	90    	57.8864	66.1507	17.6363
14 	90    	59.7736	66.1507	15.5752
15 	89    	58.516 	66.1507	17.2033
16 	89    	60.2226	66.1507	15.9305
17 	89    	60.4932	66.1507	15.0104
18 	90    	59.1445	66.1507	16.3475
19 	87    	61.8401	66.1507	12.9809
20 	94    	62.828 	66.1507	11.8253
21 	92    	62.1974	66.1507	13.7625
22 	84    	60.1325	66.1507	15.0337
23 	94    	59.2328	66.1507	16.2634
24 	83    	62.2894	66.1507	11.9995
25 	92    	58.5144	66.1507	18.3846
26 	87    	60.1334	66.1507	15.8162
27 	89    	61.2099	66.1507	14.5067
28 	91    	59.8587	66.1507	17.3599
29 	92    	60.1316	66.1507	15.8718
30 	90    	59.4141	66.1507	17.0144
31 	92    	57.2557	66.1507	18.2616
32 	91    	58.0672	66.1507	16.6847
33 	90    	59.0521	66.1507	17.1109
34 	91    	60.939 	66.1507	15.0987
35 	92    	60.0421	66.1507	15.3975
36 	89    	59.2341	66.1507	17.4119
37 	91    	60.3116	66.1507	15.5801
38 	86    	63.6374	66.1507	10.3996
39 	92    	60.4919	66.1507	15.4403
40 	85    	60.131 	66.1507	15.1453
41 	91    	60.0392	66.1507	16.9034
42 	94    	57.4359	66.1507	18.1681
43 	90    	59.7741	66.1507	15.8815
44 	94    	59.1402	66.1507	17.6401
45 	94    	58.9617	66.1507	17.3784
46 	93    	58.4242	66.1507	17.2827
47 	88    	57.0755	66.1507	20.3913
48 	90    	57.9751	66.1507	18.3729
49 	88    	55.9083	66.1507	19.3955
50 	91    	56.3607	66.1507	18.7589
51 	94    	57.7947	66.1507	17.7566
52 	88    	59.4122	66.1507	16.439 
53 	88    	59.4151	66.1507	16.4821
54 	93    	59.684 	66.1507	16.0228
55 	92    	58.6935	66.1507	16.2745
56 	93    	59.2339	66.1507	16.7013
57 	91    	59.3234	66.1507	16.3767
58 	90    	57.6173	66.1507	17.3902
59 	86    	59.7708	66.1507	16.7774
60 	91    	59.1443	66.1507	16.881 
61 	88    	59.0517	66.1507	17.2056
62 	90    	59.6823	66.1507	16.521 
63 	82    	60.2207	66.1507	15.2609
64 	89    	62.2837	66.1507	12.9219
65 	91    	63.0969	66.1507	10.7947
66 	94    	57.9742	66.1507	18.3315
67 	89    	62.1993	66.1507	12.0709
68 	88    	60.7594	66.1507	15.5646
69 	91    	58.5125	66.1507	17.9458
70 	86    	56.268 	66.1507	19.9497
71 	88    	56.5367	66.1507	18.8611
72 	96    	54.3824	66.1507	20.7886
73 	91    	56.5372	66.1507	18.7297
74 	86    	59.8639	66.1507	15.378 
75 	88    	61.2994	66.1507	14.3433
76 	87    	57.4373	66.1507	18.476 
77 	89    	58.8748	66.1507	17.2197
78 	89    	58.874 	66.1507	17.5437
79 	92    	58.0638	66.1507	17.5853
80 	91    	57.9769	66.1507	17.7428
81 	94    	53.1209	66.1507	21.3167
82 	92    	57.6116	66.1507	17.9037
83 	98    	56.1787	66.1507	19.5982
84 	91    	60.1326	66.1507	15.1434
85 	92    	59.865 	66.1507	15.9414
86 	86    	61.1215	66.1507	14.1068
87 	89    	60.6715	66.1507	14.3653
88 	82    	61.2998	66.1507	13.4687
89 	87    	59.8601	66.1507	16     
90 	95    	57.2593	66.1507	18.0755
91 	91    	58.6031	66.1507	17.6433
92 	90    	61.4794	66.1507	13.6549
93 	86    	61.209 	66.1507	14.2859
94 	91    	58.6042	66.1507	17.5934
95 	91    	57.614 	66.1507	18.0787
96 	89    	58.335 	66.1507	16.451 
97 	89    	61.1224	66.1507	13.3998
98 	87    	60.8529	66.1507	13.5672
99 	88    	60.671 	66.1507	15.3997
100	89    	61.2102	66.1507	14.394 

MESSAGE: Pygame initialized for simulation.
gen	nevals	mean   	max    	std    
0  	0     	10.9586	39.2039	10.1039
1  	90    	19.6982	39.2538	9.9465 
2  	87    	25.1933	48.2474	10.0519
3  	92    	30.237 	48.2474	9.94864
4  	87    	35.5521	48.2474	8.73617
5  	89    	36.9947	48.2474	9.30647
6  	93    	39.4254	48.2474	8.72887
7  	92    	42.2165	48.2474	7.95912
8  	93    	39.3355	48.2474	13.0145
9  	89    	42.9377	48.2474	9.18421
10 	90    	43.1129	48.2474	9.80367
11 	91    	42.3928	48.2474	11.5597
12 	88    	43.0254	48.2474	11.0371
13 	88    	44.3769	48.2474	9.20078
14 	88    	45.5432	48.2474	8.50118
15 	87    	44.3763	48.2474	9.71716
16 	81    	44.9147	48.2474	8.70096
17 	93    	43.9244	48.2634	10.7679
18 	89    	43.8332	48.2634	10.311 
19 	92    	44.1955	48.2634	9.56161
20 	88    	45.5475	48.2634	8.00219
21 	93    	44.017 	48.2634	11.0585
22 	88    	44.829 	48.2634	9.67843
23 	94    	43.7476	48.2634	10.7762
24 	91    	42.8534	48.2634	11.945 
25 	93    	42.1361	48.2634	12.5963
26 	89    	42.3152	48.2634	13.2518
27 	91    	46.281 	48.2634	7.27003
28 	93    	46.3716	48.2634	7.98248
29 	92    	44.9303	48.2634	10.3209
30 	91    	44.6592	48.2634	8.91945
31 	87    	44.9298	48.2634	10.1616
32 	91    	44.299 	48.2634	10.4518
33 	86    	44.5687	57.2223	10.8145
34 	84    	44.8372	57.2223	9.93125
35 	88    	43.3941	57.2223	10.9968
36 	82    	44.1185	57.2223	10.6894
37 	88    	45.02  	48.2634	8.69088
38 	91    	43.3097	48.2634	12.3079
39 	92    	44.2098	48.2634	10.4561
40 	90    	44.2093	48.2634	10.8382
41 	89    	43.4904	48.2634	11.7028
42 	91    	46.3702	48.2634	7.24292
43 	93    	45.6485	48.2634	8.94826
44 	96    	44.9304	48.2634	9.50292
45 	92    	45.1093	48.2634	9.73626
46 	87    	43.8496	48.2634	11.2864
47 	92    	42.4961	48.2634	12.255 
48 	89    	44.5682	48.2634	9.71421
49 	90    	42.5865	48.2634	11.9963
50 	87    	42.497 	48.2634	12.3203
51 	91    	43.5823	48.2634	11.4892
52 	87    	44.4792	48.2634	9.37714
53 	94    	43.7591	48.2634	10.0717
54 	91    	42.5895	48.2634	10.8552
55 	92    	42.7676	48.2634	11.0252
56 	88    	43.307 	48.2634	11.1332
57 	86    	44.9286	48.2634	8.97837
58 	94    	44.9306	48.2634	10.082 
59 	86    	45.5623	48.2634	8.4935 
60 	92    	44.1153	48.2797	9.74353
61 	93    	43.3988	48.2797	11.8418
62 	88    	44.2986	48.2797	9.81237
63 	85    	43.1286	48.2797	11.9666
64 	92    	44.57  	48.2797	9.37027
65 	93    	45.2921	48.2797	9.62109
66 	88    	44.6633	48.2797	9.69874
67 	89    	44.9327	48.2797	9.75448
68 	90    	44.3929	48.2797	9.80613
69 	86    	44.1237	48.2797	10.3033
70 	91    	44.1206	48.2797	9.74609
71 	92    	42.1414	48.2797	11.6034
72 	90    	45.2084	48.2797	8.57098
73 	84    	45.2969	48.2797	8.07699
74 	92    	43.408 	48.2797	10.4698
75 	97    	42.5057	48.2797	10.4807
76 	94    	43.9513	48.2797	10.3948
77 	92    	44.5812	48.2797	9.46663
78 	81    	45.935 	48.2797	8.22672
79 	92    	46.7479	48.2797	6.74912
80 	91    	45.2145	48.2797	9.38825
81 	94    	44.4029	48.2797	10.0587
82 	86    	42.421 	48.2797	13.4459
83 	85    	43.6799	48.2797	11.3702
84 	95    	42.24  	48.2797	12.5573
85 	93    	45.4842	48.2797	8.2323 
86 	86    	45.1228	48.2797	9.57333
87 	92    	45.4859	48.2797	9.16143
88 	94    	44.2241	48.2797	10.4576
89 	86    	45.036 	48.2797	8.78402
90 	88    	43.862 	48.2797	10.5513
91 	92    	44.403 	48.2797	9.47575
92 	93    	42.2374	48.2797	11.4796
93 	88    	43.8597	48.2797	10.0014
94 	91    	43.5005	48.2797	10.9256
95 	90    	45.3058	48.2797	9.01469
96 	91    	44.4938	48.2797	10.1298
97 	93    	45.1252	48.2797	9.30849
98 	95    	45.4838	48.2797	8.52261
99 	93    	43.4097	57.2223	11.426 
100	92    	44.312 	57.2223	10.5331

MESSAGE: Pygame initialized for simulation.
gen	nevals	mean   	max    	std   
0  	0     	10.9654	48.2443	10.724
1  	90    	17.272 	39.2317	8.65475
2  	91    	23.8382	48.2223	8.16943
3  	93    	27.3481	48.2223	7.7163 
4  	90    	30.1392	39.2162	6.40874
5  	86    	31.6699	39.2162	5.77451
6  	94    	33.0966	48.2379	8.70013
7  	86    	34.2696	48.2474	9.19603
8  	89    	36.5243	48.2474	9.21865
9  	89    	38.2386	48.2474	8.80544
10 	87    	40.8512	48.2474	8.85788

MESSAGE: Pygame initialized for simulation.
gen	nevals	mean   	max    	std   
0  	0     	9.34376	39.2474	10.561
1  	91    	19.793 	39.2506	9.06509
2  	93    	24.4761	39.2506	7.36568
3  	91    	26.8228	39.2602	7.39378
4  	93    	29.8824	39.2602	7.73684
5  	88    	31.776 	39.2602	7.64707
6  	88    	33.8478	39.2602	8.15191
7  	93    	34.3898	39.2602	8.57824
8  	89    	36.0993	48.2411	8.29002
9  	93    	37.3601	48.2411	7.56852
10 	91    	36.6388	48.2411	9.11956
11 	92    	35.2908	48.2411	11.5509
12 	92    	37.0016	48.2411	7.98563
13 	89    	37.6294	48.2411	8.4816 
14 	89    	38.7126	48.2411	8.61336
15 	90    	39.7885	66.2193	8.33058
16 	88    	41.049 	66.2193	7.30862
17 	87    	42.9346	66.2193	9.44653
18 	88    	46.0789	66.2193	9.52895
19 	90    	46.1646	66.2193	11.1548
20 	89    	47.6991	66.2193	12.3198
21 	91    	46.2594	66.2193	13.4378
22 	94    	46.5238	66.2193	14.3276
23 	93    	49.8518	66.2193	15.9618
24 	91    	51.5542	66.2193	17.7101
25 	91    	51.8236	66.2193	18.0897
26 	82    	57.4939	66.2193	14.6442
27 	94    	58.2129	66.2193	16.2401
28 	89    	61.4518	66.2193	12.8774
29 	88    	60.8224	66.2193	14.8908
30 	96    	58.9295	66.2193	17.4383
31 	94    	58.84  	66.2193	17.5594
32 	88    	59.1097	66.2193	16.1145
33 	89    	59.4714	66.2193	17.8752
34 	95    	61.4498	66.2193	14.704 
35 	90    	59.0196	66.2193	16.836 
36 	89    	57.3109	66.2193	18.286 
37 	95    	58.7494	66.2193	16.4993
38 	93    	60.1914	66.2193	14.6783
39 	90    	61.2703	66.2193	14.076 
40 	93    	60.2825	66.2193	15.9   
41 	91    	60.5511	66.2193	14.7098
42 	91    	59.8313	66.2193	16.208 
43 	89    	59.2931	66.2193	16.9171
44 	93    	57.3127	66.2193	18.9787
45 	87    	56.3219	66.2193	19.3589
46 	92    	60.0084	66.2193	14.1002
47 	91    	57.7602	66.2193	18.5665
48 	94    	59.5616	66.2193	16.9577
49 	92    	60.2808	66.2193	16.3061
50 	91    	61.2723	66.2193	14.2432
51 	86    	62.081 	66.2193	12.4928
52 	92    	58.1182	66.2193	16.7183
53 	88    	60.9993	66.2193	13.8352
54 	88    	59.2905	66.2193	16.0368
55 	87    	57.5777	66.2193	18.4421
56 	94    	55.0618	66.2193	19.7997
57 	90    	58.3917	66.2193	17.5236
58 	95    	58.3917	66.2193	17.9346
59 	95    	58.3929	66.2193	18.3773
60 	90    	60.1039	66.2193	16.2827
61 	84    	60.4614	66.2193	15.4016
62 	93    	59.2017	66.2193	15.9724
63 	89    	60.192 	66.2193	15.3229
64 	90    	61.1808	66.2193	14.013 
65 	83    	60.1877	66.2193	15.5914
66 	91    	59.3802	66.2193	16.8882
67 	93    	60.3713	66.2193	15.3403
68 	89    	62.0809	66.2193	12.5574
69 	92    	58.3019	66.2193	18.1405
70 	79    	62.6211	66.2193	12.3339
71 	86    	58.6644	66.2193	17.7494
72 	92    	56.3214	66.2193	19.5275
73 	90    	60.2815	66.2193	16.3032
74 	86    	59.8295	66.2193	16.2125
75 	89    	59.3826	66.2193	17.2149
76 	90    	57.7632	66.2193	18.9902
77 	94    	58.3035	66.2193	16.6979
78 	91    	58.3899	66.2193	17.6648
79 	91    	59.2898	66.2193	16.8771
80 	91    	59.6519	66.2193	17.1576
81 	93    	60.4599	66.2193	15.2992
82 	84    	58.4802	66.2193	17.4494
83 	85    	61.8115	66.2193	13.3722
84 	88    	59.6507	66.2193	15.9367
85 	93    	56.8597	66.2193	17.2129
86 	93    	56.8636	66.2193	18.736 
87 	89    	57.9405	66.2193	17.9376
88 	94    	59.6534	66.2193	16.9164
89 	85    	60.5522	66.2193	15.5626
90 	89    	60.9101	66.2193	15.2762
91 	88    	63.5191	66.2193	10.9121
92 	84    	64.3305	66.2193	9.37248
93 	90    	58.5729	66.2193	18.3644
94 	91    	58.4806	66.2193	18.6594
95 	91    	59.3797	66.2193	16.4532
96 	88    	61.18  	66.2193	14.416 
97 	80    	60.5521	66.2193	16.2743
98 	92    	59.5601	66.2193	16.8649
99 	93    	60.1875	66.2193	15.4385
100	95    	55.3318	66.2193	20.9218

MESSAGE: Pygame initialized for simulation.
gen	nevals	mean  	max    	std    
0  	0     	78.917	91.1335	11.0376
1  	96    	86.2159	91.1335	3.08223
2  	95    	87.2013	91.1335	3.32985
3  	91    	87.8732	91.1335	3.44733
4  	90    	87.6836	91.1335	4.98031
5  	85    	88.9515	91.1335	1.44308
6  	89    	89.3884	91.1335	1.38187
7  	88    	89.722 	91.507 	1.43559
8  	91    	89.9001	91.507 	2.10107
9  	85    	90.1539	91.507 	2.55768

MESSAGE: Pygame initialized for simulation.

MESSAGE: Pygame initialized for simulation.

MESSAGE: Pygame initialized for simulation.
